# Ei1.00E-5
180 4.2868
163.332 4.2884
156.345 4.29
150.925 4.2916
146.306 4.2932
142.191 4.2948
138.427 4.2964
134.925 4.298
131.627 4.2995
128.49 4.3011
125.485 4.3027
122.59 4.3043
119.787 4.3059
117.061 4.3075
114.4 4.3091
111.796 4.3107
109.239 4.3122
106.722 4.3138
104.239 4.3154
101.784 4.317
99.3514 4.3186
96.9367 4.3202
94.5351 4.3218
92.1423 4.3234
89.7541 4.3249
87.3664 4.3265
84.9749 4.3281
82.5754 4.3297
80.1637 4.3313
77.735 4.3329
75.2847 4.3345
72.8073 4.336
70.2973 4.3376
67.7481 4.3392
65.1526 4.3408
62.5023 4.3424
59.7875 4.344
56.9966 4.3456
54.1155 4.3471
51.1264 4.3487
48.0069 4.3503
44.7275 4.3519
41.2475 4.3535
37.5087 4.3551
33.4219 4.3567
28.8364 4.3582
23.4586 4.3598
16.5279 4.3614
0 4.363
# Ei7.50E+1
180 0.93775
163.332 0.9381
156.345 0.93845
150.925 0.9388
146.306 0.93914
142.191 0.93949
138.427 0.93984
134.925 0.94019
131.627 0.94054
128.49 0.94089
125.485 0.94124
122.59 0.94159
119.787 0.94193
117.061 0.94228
114.4 0.94263
111.796 0.94298
109.239 0.94333
106.722 0.94368
104.239 0.94403
101.784 0.94438
99.3514 0.94472
96.9367 0.94507
94.5351 0.94542
92.1423 0.94577
89.7541 0.94612
87.3664 0.94647
84.9749 0.94681
82.5754 0.94716
80.1637 0.94751
77.735 0.94786
75.2847 0.94821
72.8073 0.94856
70.2973 0.9489
67.7481 0.94925
65.1526 0.9496
62.5023 0.94995
59.7875 0.9503
56.9966 0.95065
54.1155 0.95099
51.1264 0.95134
48.0069 0.95169
44.7275 0.95204
41.2475 0.95239
37.5087 0.95273
33.4219 0.95308
28.8364 0.95343
23.4586 0.95378
16.5279 0.95413
0 0.95447
# Ei1.00E+2
180 0.79175
163.332 0.79205
156.345 0.79235
150.925 0.79264
146.306 0.79294
142.191 0.79324
138.427 0.79354
134.925 0.79383
131.627 0.79413
128.49 0.79443
125.485 0.79473
122.59 0.79502
119.787 0.79532
117.061 0.79562
114.4 0.79591
111.796 0.79621
109.239 0.79651
106.722 0.79681
104.239 0.7971
101.784 0.7974
99.3514 0.7977
96.9367 0.798
94.5351 0.79829
92.1423 0.79859
89.7541 0.79889
87.3664 0.79918
84.9749 0.79948
82.5754 0.79978
80.1637 0.80007
77.735 0.80037
75.2847 0.80067
72.8073 0.80097
70.2973 0.80126
67.7481 0.80156
65.1526 0.80186
62.5023 0.80215
59.7875 0.80245
56.9966 0.80275
54.1155 0.80304
51.1264 0.80334
48.0069 0.80364
44.7275 0.80393
41.2475 0.80423
37.5087 0.80453
33.4219 0.80483
28.8364 0.80512
23.4586 0.80542
16.5279 0.80572
0 0.80601
# Ei5.00E+2
180 0.77291
164.576 0.7732
158.122 0.77349
153.123 0.77378
148.87 0.77406
145.087 0.77435
141.634 0.77464
138.427 0.77493
135.412 0.77522
132.551 0.7755
129.816 0.77579
127.187 0.77608
124.648 0.77637
122.184 0.77666
119.787 0.77694
117.446 0.77723
115.154 0.77752
112.906 0.77781
110.695 0.7781
108.516 0.77839
106.366 0.77867
104.239 0.77896
102.133 0.77925
100.044 0.77954
97.9697 0.77983
95.9061 0.78012
93.8507 0.7804
91.8009 0.78069
89.7541 0.78098
87.7076 0.78127
85.6588 0.78156
83.605 0.78185
81.5436 0.78214
79.4717 0.78242
77.3864 0.78271
75.2847 0.783
73.1631 0.78329
71.0181 0.78358
68.8459 0.78387
66.6419 0.78416
64.4013 0.78445
62.1187 0.78473
59.7875 0.78502
57.4005 0.78531
54.9488 0.7856
52.4219 0.78589
49.807 0.78618
47.0878 0.78647
44.2438 0.78676
41.2475 0.78704
38.0616 0.78733
34.6322 0.78762
30.8765 0.78791
26.6552 0.7882
21.6959 0.78849
15.294 0.78878
0 0.78907
# Ei1.00E+3
180 0.75037
164.576 0.7507
158.122 0.75103
153.123 0.75135
148.87 0.75168
145.087 0.75201
141.634 0.75234
138.427 0.75267
135.412 0.753
132.551 0.75332
129.816 0.75365
127.187 0.75398
124.648 0.75431
122.184 0.75464
119.787 0.75497
117.446 0.7553
115.154 0.75563
112.906 0.75596
110.695 0.75629
108.516 0.75662
106.366 0.75694
104.239 0.75727
102.133 0.7576
100.044 0.75793
97.9697 0.75826
95.9061 0.75859
93.8507 0.75892
91.8009 0.75925
89.7541 0.75958
87.7076 0.75991
85.6588 0.76024
83.605 0.76057
81.5436 0.7609
79.4717 0.76123
77.3864 0.76156
75.2847 0.7619
73.1631 0.76223
71.0181 0.76256
68.8459 0.76289
66.6419 0.76322
64.4013 0.76355
62.1187 0.76388
59.7875 0.76421
57.4005 0.76454
54.9488 0.76487
52.4219 0.7652
49.807 0.76554
47.0878 0.76587
44.2438 0.7662
41.2475 0.76653
38.0616 0.76686
34.6322 0.76719
30.8765 0.76753
26.6552 0.76786
21.6959 0.76819
15.294 0.76852
0 0.76885
# Ei5.30E+3
180 0.94233
165.577 0.94316
159.55 0.94399
154.888 0.94482
150.925 0.94565
147.406 0.94649
144.197 0.94733
141.221 0.94816
138.427 0.949
135.78 0.94984
133.253 0.95068
130.828 0.95153
128.49 0.95237
126.225 0.95322
124.025 0.95406
121.881 0.95491
119.787 0.95576
117.736 0.95661
115.723 0.95746
113.744 0.95831
111.796 0.95916
109.874 0.96002
107.976 0.96088
106.099 0.96173
104.239 0.96259
102.395 0.96345
100.565 0.96431
98.7463 0.96517
96.9367 0.96604
95.1345 0.9669
93.3379 0.96777
91.545 0.96863
89.7541 0.9695
87.9635 0.97037
86.1713 0.97124
84.3759 0.97211
82.5754 0.97299
80.768 0.97386
78.9518 0.97474
77.1247 0.97561
75.2847 0.97649
73.4295 0.97737
71.5568 0.97825
69.6639 0.97913
67.7481 0.98002
65.8062 0.9809
63.8348 0.98179
61.8301 0.98267
59.7875 0.98356
57.7022 0.98445
55.5683 0.98534
53.3791 0.98623
51.1264 0.98713
48.8005 0.98802
46.3894 0.98892
43.8782 0.98981
41.2475 0.99071
38.4719 0.99161
35.5162 0.99251
32.3302 0.99341
28.8364 0.99432
24.9043 0.99522
20.2789 0.99613
14.3008 0.99703
0 0.99794
# Ei1.00E+4
180 0.89915
165.577 0.90045
159.55 0.90175
154.888 0.90306
150.925 0.90437
147.406 0.90569
144.197 0.90701
141.221 0.90833
138.427 0.90965
135.78 0.91098
133.253 0.91231
130.828 0.91365
128.49 0.91498
126.225 0.91633
124.025 0.91767
121.881 0.91902
119.787 0.92037
117.736 0.92173
115.723 0.92309
113.744 0.92445
111.796 0.92581
109.874 0.92718
107.976 0.92856
106.099 0.92993
104.239 0.93131
102.395 0.93269
100.565 0.93408
98.7463 0.93547
96.9367 0.93686
95.1345 0.93826
93.3379 0.93966
91.545 0.94106
89.7541 0.94247
87.9635 0.94388
86.1713 0.9453
84.3759 0.94671
82.5754 0.94813
80.768 0.94956
78.9518 0.95099
77.1247 0.95242
75.2847 0.95385
73.4295 0.95529
71.5568 0.95673
69.6639 0.95818
67.7481 0.95963
65.8062 0.96108
63.8348 0.96254
61.8301 0.964
59.7875 0.96546
57.7022 0.96693
55.5683 0.9684
53.3791 0.96987
51.1264 0.97135
48.8005 0.97283
46.3894 0.97431
43.8782 0.9758
41.2475 0.97729
38.4719 0.97879
35.5162 0.98029
32.3302 0.98179
28.8364 0.98329
24.9043 0.9848
20.2789 0.98632
14.3008 0.98783
0 0.98935
# Ei3.00E+4
180 0.78599
166.406 0.78858
160.731 0.79119
156.345 0.79382
152.621 0.79647
149.316 0.79913
146.306 0.80181
143.518 0.8045
140.902 0.80722
138.427 0.80995
136.068 0.8127
133.805 0.81547
131.627 0.81825
129.519 0.82105
127.475 0.82387
125.485 0.82671
123.544 0.82956
121.646 0.83243
119.787 0.83532
117.961 0.83823
116.167 0.84116
114.4 0.8441
112.658 0.84706
110.939 0.85004
109.239 0.85304
107.557 0.85605
105.891 0.85908
104.239 0.86213
102.6 0.8652
100.971 0.86829
99.3514 0.8714
97.7399 0.87452
96.1349 0.87766
94.5351 0.88082
92.9392 0.884
91.3459 0.8872
89.7541 0.89041
88.1625 0.89365
86.5698 0.8969
84.9749 0.90017
83.3764 0.90346
81.7731 0.90677
80.1637 0.91009
78.5467 0.91344
76.9209 0.9168
75.2847 0.92019
73.6365 0.92359
71.9746 0.92701
70.2973 0.93045
68.6026 0.93391
66.8885 0.93739
65.1526 0.94089
63.3924 0.9444
61.6051 0.94794
59.7875 0.95149
57.9362 0.95507
56.0471 0.95866
54.1155 0.96227
52.136 0.9659
50.1023 0.96956
48.0069 0.97323
45.8406 0.97692
43.5922 0.98063
41.2475 0.98436
38.7884 0.98811
36.1909 0.99187
33.4219 0.99566
30.4339 0.99947
27.1538 1.0033
23.4586 1.0071
19.1076 1.011
13.4789 1.0149
0 1.0188
# Ei5.00E+4
180 0.69977
166.406 0.70334
160.731 0.70695
156.345 0.7106
152.621 0.71428
149.316 0.718
146.306 0.72176
143.518 0.72556
140.902 0.72939
138.427 0.73327
136.068 0.73718
133.805 0.74113
131.627 0.74512
129.519 0.74914
127.475 0.75321
125.485 0.75732
123.544 0.76146
121.646 0.76565
119.787 0.76987
117.961 0.77413
116.167 0.77843
114.4 0.78278
112.658 0.78716
110.939 0.79158
109.239 0.79605
107.557 0.80055
105.891 0.8051
104.239 0.80968
102.6 0.81431
100.971 0.81898
99.3514 0.82369
97.7399 0.82844
96.1349 0.83323
94.5351 0.83807
92.9392 0.84294
91.3459 0.84786
89.7541 0.85282
88.1625 0.85782
86.5698 0.86287
84.9749 0.86796
83.3764 0.87309
81.7731 0.87826
80.1637 0.88348
78.5467 0.88874
76.9209 0.89405
75.2847 0.8994
73.6365 0.90479
71.9746 0.91023
70.2973 0.91571
68.6026 0.92123
66.8885 0.9268
65.1526 0.93242
63.3924 0.93807
61.6051 0.94378
59.7875 0.94953
57.9362 0.95532
56.0471 0.96116
54.1155 0.96705
52.136 0.97298
50.1023 0.97896
48.0069 0.98499
45.8406 0.99106
43.5922 0.99718
41.2475 1.0033
38.7884 1.0096
36.1909 1.0158
33.4219 1.0221
30.4339 1.0285
27.1538 1.0349
23.4586 1.0413
19.1076 1.0478
13.4789 1.0544
0 1.061
# Ei1.00E+5
180 0.5358
167.107 0.54006
161.728 0.54439
157.575 0.54879
154.05 0.55327
150.925 0.55781
148.082 0.56244
145.449 0.56714
142.982 0.57191
140.649 0.57676
138.427 0.58169
136.299 0.58669
134.251 0.59177
132.272 0.59693
130.354 0.60216
128.49 0.60748
126.673 0.61288
124.898 0.61835
123.161 0.62391
121.458 0.62955
119.787 0.63527
118.143 0.64108
116.524 0.64697
114.928 0.65294
113.352 0.659
111.796 0.66514
110.257 0.67137
108.733 0.67769
107.223 0.68409
105.725 0.69059
104.239 0.69717
102.763 0.70384
101.296 0.7106
99.8364 0.71745
98.3837 0.7244
96.9367 0.73143
95.4944 0.73856
94.056 0.74579
92.6204 0.75311
91.1867 0.76052
89.7541 0.76803
88.3217 0.77564
86.8885 0.78334
85.4537 0.79114
84.0163 0.79905
82.5754 0.80705
81.1301 0.81515
79.6794 0.82335
78.2223 0.83166
76.7578 0.84006
75.2847 0.84858
73.8019 0.85719
72.3081 0.86591
70.8022 0.87474
69.2827 0.88367
67.7481 0.89272
66.1969 0.90187
64.6272 0.91113
63.0372 0.9205
61.4247 0.92998
59.7875 0.93957
58.123 0.94927
56.4281 0.95909
54.6997 0.96903
52.9339 0.97907
51.1264 0.98924
49.2721 0.99952
47.365 1.0099
45.3979 1.0204
43.3623 1.0311
41.2475 1.0418
39.0401 1.0527
36.7229 1.0637
34.273 1.0748
31.6593 1.0861
28.8364 1.0975
25.7352 1.109
22.2386 1.1206
18.1184 1.1323
12.7841 1.1442
0 1.1562
# Ei2.00E+5
180 0.35166
167.709 0.35513
162.585 0.3587
158.63 0.36238
155.277 0.36617
152.306 0.37006
149.603 0.37407
147.103 0.37818
144.761 0.38241
142.549 0.38676
140.443 0.39122
138.427 0.3958
136.489 0.4005
134.618 0.40532
132.805 0.41027
131.045 0.41534
129.331 0.42055
127.658 0.42588
126.023 0.43135
124.421 0.43695
122.849 0.44269
121.305 0.44857
119.787 0.4546
118.291 0.46077
116.816 0.46708
115.361 0.47355
113.923 0.48017
112.501 0.48694
111.094 0.49387
109.701 0.50096
108.32 0.50822
106.95 0.51564
105.59 0.52322
104.239 0.53098
102.897 0.53892
101.562 0.54703
100.234 0.55532
98.9112 0.5638
97.5938 0.57246
96.2806 0.58132
94.9709 0.59036
93.6642 0.5996
92.3596 0.60904
91.0564 0.61869
89.7541 0.62853
88.4519 0.63859
87.1492 0.64886
85.8452 0.65935
84.5393 0.67006
83.2309 0.68099
81.9191 0.69215
80.6033 0.70354
79.2827 0.71516
77.9566 0.72703
76.6242 0.73913
75.2847 0.75148
73.9371 0.76408
72.5806 0.77693
71.2142 0.79005
69.8369 0.80342
68.4476 0.81706
67.0452 0.83097
65.6283 0.84516
64.1956 0.85962
62.7457 0.87437
61.2769 0.8894
59.7875 0.90472
58.2755 0.92035
56.7387 0.93627
55.1746 0.95249
53.5806 0.96903
51.9535 0.98588
50.2897 1.0031
48.585 1.0205
46.8348 1.0384
45.0332 1.0565
43.1735 1.075
41.2475 1.0938
39.245 1.113
37.1533 1.1326
34.9559 1.1525
32.6312 1.1727
30.1492 1.1933
27.4668 1.2143
24.5179 1.2357
21.1911 1.2575
17.2685 1.2796
12.1869 1.3022
0 1.3251
# Ei3.00E+5
180 0.25454
168.234 0.25686
163.332 0.25926
159.55 0.26175
156.345 0.26433
153.506 0.26699
150.925 0.26975
148.539 0.27259
146.306 0.27553
144.197 0.27857
142.191 0.2817
140.272 0.28493
138.427 0.28826
136.648 0.29169
134.925 0.29523
133.253 0.29888
131.627 0.30264
130.04 0.30652
128.49 0.31051
126.972 0.31462
125.485 0.31886
124.025 0.32322
122.59 0.32771
121.178 0.33234
119.787 0.3371
118.415 0.34201
117.061 0.34706
115.723 0.35226
114.4 0.35762
113.092 0.36313
111.796 0.36881
110.512 0.37465
109.239 0.38067
107.976 0.38687
106.722 0.39325
105.477 0.39981
104.239 0.40657
103.008 0.41353
101.784 0.42069
100.565 0.42807
99.3514 0.43566
98.1421 0.44347
96.9367 0.45151
95.7345 0.45978
94.5351 0.46829
93.3379 0.47706
92.1423 0.48607
90.9479 0.49535
89.7541 0.50489
88.5604 0.51471
87.3664 0.52481
86.1713 0.5352
84.9749 0.54589
83.7764 0.55688
82.5754 0.56818
81.3714 0.5798
80.1637 0.59176
78.9518 0.60404
77.735 0.61667
76.5129 0.62966
75.2847 0.643
74.0497 0.65672
72.8073 0.67082
71.5568 0.6853
70.2973 0.70018
69.028 0.71546
67.7481 0.73116
66.4566 0.74729
65.1526 0.76385
63.8348 0.78086
62.5023 0.79832
61.1536 0.81624
59.7875 0.83464
58.4024 0.85353
56.9966 0.87291
55.5683 0.8928
54.1155 0.9132
52.6357 0.93413
51.1264 0.95561
49.5846 0.97763
48.0069 1.0002
46.3894 1.0234
44.7275 1.0471
43.0157 1.0715
41.2475 1.0964
39.4151 1.122
37.5087 1.1482
35.5162 1.175
33.4219 1.2025
31.2048 1.2307
28.8364 1.2596
26.2755 1.2891
23.4586 1.3194
20.2789 1.3504
16.5279 1.3821
11.6661 1.4146
0 1.4479
# Ei5.00E+5
180 0.13926
168.697 0.14153
163.99 0.14387
160.36 0.14628
157.285 0.14875
154.563 0.15128
152.089 0.15386
149.803 0.15648
147.664 0.15914
145.645 0.16183
143.726 0.16454
141.89 0.16728
140.127 0.17004
138.427 0.17282
136.783 0.17562
135.187 0.17842
133.635 0.18124
132.123 0.18407
130.646 0.1869
129.201 0.18975
127.786 0.1926
126.397 0.19547
125.033 0.19835
123.692 0.20124
122.371 0.20414
121.07 0.20707
119.787 0.21001
118.52 0.21298
117.268 0.21598
116.03 0.21901
114.806 0.22208
113.594 0.2252
112.393 0.22836
111.202 0.23158
110.021 0.23487
108.849 0.23822
107.686 0.24165
106.53 0.24517
105.381 0.24878
104.239 0.2525
103.103 0.25633
101.972 0.26029
100.846 0.26437
99.7244 0.26861
98.6068 0.273
97.4926 0.27756
96.3814 0.2823
95.2729 0.28724
94.1665 0.29238
93.0618 0.29775
91.9585 0.30335
90.856 0.3092
89.7541 0.31532
88.6523 0.32172
87.5501 0.32842
86.4472 0.33543
85.3432 0.34278
84.2376 0.35047
83.1301 0.35854
82.0201 0.36699
80.9073 0.37585
79.7912 0.38514
78.6714 0.39487
77.5474 0.40507
76.4186 0.41576
75.2847 0.42696
74.145 0.43869
72.999 0.45098
71.8461 0.46385
70.6858 0.47732
69.5174 0.49143
68.3402 0.50618
67.1535 0.52161
65.9566 0.53775
64.7486 0.55462
63.5287 0.57225
62.2959 0.59067
61.0492 0.6099
59.7875 0.62998
58.5097 0.65093
57.2143 0.67279
55.9 0.69558
54.5653 0.71934
53.2082 0.74409
51.8268 0.76988
50.419 0.79674
48.9823 0.82469
47.5137 0.85378
46.01 0.88403
44.4675 0.91549
42.8818 0.9482
41.2475 0.98218
39.5585 1.0175
37.8073 1.0541
35.9845 1.0922
34.0783 1.1317
32.0737 1.1726
29.9506 1.2151
27.6815 1.2591
25.2269 1.3047
22.5257 1.352
19.4752 1.401
15.8751 1.4517
11.2069 1.5042
0 1.5585
# Ei1.04E+6
180 0.015989
169.48 0.014671
165.102 0.01427
161.728 0.014718
158.872 0.015952
156.345 0.017907
154.05 0.020523
151.931 0.023742
149.95 0.027507
148.082 0.031763
146.306 0.03646
144.61 0.041546
142.982 0.046975
141.413 0.052699
139.897 0.058674
138.427 0.064859
136.999 0.071213
135.608 0.077697
134.251 0.084275
132.925 0.090911
131.627 0.097572
130.354 0.10423
129.106 0.11084
127.879 0.1174
126.673 0.12386
125.485 0.1302
124.315 0.1364
123.161 0.14244
122.022 0.1483
120.898 0.15395
119.787 0.15938
118.688 0.16457
117.6 0.16952
116.524 0.17419
115.457 0.17859
114.4 0.1827
113.352 0.18651
112.313 0.19001
111.281 0.1932
110.257 0.19608
109.239 0.19862
108.228 0.20085
107.223 0.20274
106.223 0.20431
105.229 0.20556
104.239 0.20648
103.254 0.20707
102.273 0.20736
101.296 0.20733
100.322 0.207
99.3514 0.20638
98.3837 0.20548
97.4184 0.20431
96.4554 0.20288
95.4944 0.2012
94.5351 0.1993
93.5772 0.19719
92.6204 0.19489
91.6644 0.19241
90.7091 0.18978
89.7541 0.18703
88.7992 0.18417
87.8441 0.18124
86.8885 0.17826
85.9322 0.17525
84.9749 0.17226
84.0163 0.16931
83.0562 0.16644
82.0942 0.16368
81.1301 0.16107
80.1637 0.15866
79.1945 0.15648
78.2223 0.15457
77.2469 0.15299
76.2677 0.15178
75.2847 0.15099
74.2973 0.15068
73.3052 0.15089
72.3081 0.15168
71.3056 0.15312
70.2973 0.15527
69.2827 0.15818
68.2614 0.16194
67.233 0.1666
66.1969 0.17224
65.1526 0.17894
64.0995 0.18678
63.0372 0.19583
61.9648 0.20618
60.8819 0.21793
59.7875 0.23116
58.681 0.24597
57.5615 0.26247
56.4281 0.28074
55.2798 0.30091
54.1155 0.32308
52.9339 0.34737
51.7338 0.3739
50.5138 0.4028
49.2721 0.43419
48.0069 0.46822
46.7163 0.50502
45.3979 0.54473
44.0491 0.58751
42.6668 0.63352
41.2475 0.68292
39.7872 0.73588
38.2809 0.79256
36.7229 0.85316
35.1061 0.91787
33.4219 0.98687
31.6593 1.0604
29.8042 1.1386
27.8381 1.2217
25.7352 1.3101
23.4586 1.4037
20.9515 1.5031
18.1184 1.6083
14.7724 1.7197
10.4308 1.8374
0 1.9619
# Ei2.00E+6
180 0.1606
170.12 0.14073
166.01 0.12289
162.845 0.10695
160.167 0.092776
157.798 0.080234
155.649 0.069209
153.665 0.059592
151.811 0.051278
150.064 0.04417
148.404 0.038176
146.82 0.033211
145.3 0.029194
143.836 0.026051
142.422 0.023711
141.052 0.02211
139.722 0.021186
138.427 0.020882
137.165 0.021144
135.932 0.021924
134.726 0.023175
133.545 0.024854
132.387 0.026921
131.25 0.029339
130.132 0.032074
129.033 0.035092
127.951 0.038363
126.884 0.041861
125.833 0.045558
124.795 0.049431
123.77 0.053456
122.758 0.057614
121.757 0.061882
120.767 0.066244
119.787 0.070682
118.816 0.075179
117.855 0.07972
116.902 0.08429
115.958 0.088875
115.021 0.093461
114.091 0.098036
113.168 0.10259
112.252 0.1071
111.342 0.11157
110.437 0.11598
109.538 0.12033
108.644 0.12459
107.754 0.12876
106.869 0.13282
105.989 0.13678
105.112 0.14061
104.239 0.14431
103.37 0.14786
102.504 0.15125
101.64 0.15448
100.78 0.15754
99.922 0.1604
99.0665 0.16306
98.2132 0.16552
97.3617 0.16775
96.512 0.16975
95.6639 0.1715
94.8171 0.173
93.9714 0.17423
93.1268 0.17518
92.2829 0.17585
91.4396 0.17621
90.5967 0.17627
89.7541 0.17601
88.9116 0.17542
88.0688 0.17449
87.2258 0.17322
86.3823 0.1716
85.5381 0.16962
84.6931 0.16727
83.847 0.16457
82.9996 0.16149
82.1508 0.15805
81.3004 0.15424
80.4482 0.15006
79.5939 0.14553
78.7374 0.14066
77.8784 0.13544
77.0168 0.12991
76.1523 0.12407
75.2847 0.11795
74.4137 0.11158
73.5391 0.10498
72.6607 0.098197
71.7781 0.091267
70.8912 0.084239
69.9996 0.077167
69.103 0.070111
68.2011 0.063142
67.2937 0.056334
66.3803 0.049776
65.4606 0.04356
64.5342 0.037794
63.6008 0.032594
62.6599 0.028087
61.711 0.024416
60.7537 0.021736
59.7875 0.020215
59.1789 0.019936
58.8119 0.02004
58.3203 0.020519
57.8262 0.021412
57.3294 0.022746
56.8298 0.024551
55.8221 0.029696
54.8024 0.037106
53.7698 0.047064
52.7235 0.059873
51.6626 0.075863
50.5861 0.095389
49.4928 0.11883
48.3816 0.14661
47.251 0.17917
46.0995 0.21699
44.9255 0.26057
43.727 0.31048
42.5018 0.3673
41.2475 0.43168
39.9612 0.50428
38.6397 0.58584
37.2791 0.67714
35.8748 0.77901
34.4213 0.89233
32.9122 1.0181
31.3391 1.1572
29.6919 1.3108
27.9572 1.4801
26.1176 1.6662
24.149 1.8705
22.0167 2.0943
19.6672 2.3392
17.0107 2.6066
13.8716 2.8983
9.79639 3.2159
0 3.5614
# Ei6.00E+6
180 0.019857
170.655 0.016462
166.77 0.01415
163.779 0.012642
161.249 0.011721
159.013 0.011223
156.984 0.011025
156.031 0.01101
155.113 0.011039
153.364 0.011203
151.717 0.011478
150.153 0.011837
148.661 0.012267
147.23 0.012762
145.853 0.013321
144.523 0.013947
143.235 0.014641
141.985 0.015406
140.769 0.016243
139.584 0.017151
138.427 0.018126
137.296 0.019162
136.189 0.02025
135.104 0.021378
134.039 0.022532
132.994 0.023698
131.966 0.024856
130.954 0.02599
129.957 0.02708
128.976 0.028106
128.007 0.029051
127.052 0.029896
126.108 0.030624
125.176 0.03122
124.254 0.031671
123.342 0.031966
122.44 0.032096
121.547 0.032056
120.663 0.031843
119.787 0.031456
118.918 0.0309
118.057 0.030179
117.202 0.029304
116.355 0.028287
115.513 0.027141
114.678 0.025885
113.848 0.024538
113.023 0.023121
112.204 0.021659
111.389 0.020176
110.579 0.018699
109.774 0.017254
108.972 0.015868
108.175 0.01457
107.381 0.013386
106.591 0.012342
105.804 0.011465
105.02 0.010777
104.239 0.010302
103.461 0.010059
103.073 0.010031
102.686 0.010067
101.913 0.010339
101.142 0.010889
100.373 0.011724
99.6066 0.012852
98.8418 0.014273
98.0786 0.015987
97.317 0.017988
96.5567 0.020268
95.7977 0.022813
95.0398 0.025608
94.2829 0.028632
93.5268 0.031864
92.7714 0.035275
92.0165 0.038838
91.2621 0.042519
90.508 0.046286
89.7541 0.050101
89.0002 0.053927
88.2463 0.057724
87.4921 0.061454
86.7376 0.065075
85.9825 0.06855
85.2269 0.071838
84.4705 0.074903
83.7133 0.077709
82.955 0.080223
82.1955 0.082416
81.4348 0.08426
80.6726 0.085733
79.9089 0.086816
79.1434 0.087498
78.3761 0.087768
77.6067 0.087624
76.8351 0.087069
76.0611 0.086111
75.2847 0.084766
74.5055 0.083052
73.7235 0.080996
72.9385 0.078629
72.1502 0.075986
71.3585 0.07311
70.5632 0.070044
69.7641 0.066835
68.9609 0.063535
68.1535 0.060195
67.3416 0.056866
66.5249 0.0536
65.7032 0.050445
64.8763 0.047447
64.0439 0.044648
63.2056 0.042082
62.3611 0.039778
61.5102 0.037758
60.6524 0.036032
59.7875 0.034603
58.915 0.033465
58.0345 0.032602
57.1456 0.031991
56.2478 0.031601
55.3406 0.0314
54.4235 0.031357
53.4958 0.031444
52.557 0.031651
51.6064 0.031986
50.6432 0.032494
49.6666 0.033268
48.6758 0.034465
47.6699 0.03633
46.6477 0.039221
45.608 0.043637
44.5498 0.050256
43.4713 0.059977
42.3712 0.073971
41.2475 0.093735
40.6762 0.10636
40.0982 0.12116
39.5133 0.13847
38.921 0.15863
38.3212 0.18201
37.7132 0.20905
36.4717 0.27605
35.1928 0.36399
33.8722 0.4782
32.5048 0.62506
31.0842 0.81221
29.6029 1.0488
28.051 1.3455
26.416 1.7151
24.6813 2.1726
22.8242 2.7354
20.8117 3.4241
18.5933 4.2623
16.084 5.2778
13.1178 6.5025
9.26523 7.9731
0 9.7322
# Ei7.00E+6
180 0.017167
170.655 0.015964
166.77 0.015298
163.779 0.014913
161.249 0.014632
159.013 0.014339
156.984 0.01397
155.113 0.013497
153.364 0.012919
151.717 0.012255
150.153 0.011538
148.661 0.010807
147.23 0.010106
145.853 0.0094769
144.523 0.0089603
143.235 0.0085918
141.985 0.008401
141.373 0.0083797
140.769 0.0084109
139.584 0.0086375
138.427 0.0090894
137.296 0.009768
136.189 0.010668
135.104 0.011778
134.039 0.013082
132.994 0.014557
131.966 0.016177
130.954 0.017913
129.957 0.019735
128.976 0.021608
128.007 0.023498
127.052 0.025372
126.108 0.027196
125.176 0.028938
124.254 0.030567
123.342 0.032055
122.44 0.033377
121.547 0.03451
120.663 0.035437
119.787 0.036142
118.918 0.036615
118.057 0.036849
117.202 0.036841
116.355 0.036593
115.513 0.03611
114.678 0.035402
113.848 0.034482
113.023 0.033369
112.204 0.032081
111.389 0.030642
110.579 0.02908
109.774 0.027422
108.972 0.025699
108.175 0.023944
107.381 0.022191
106.591 0.020473
105.804 0.018826
105.02 0.017284
104.239 0.015882
103.461 0.014652
102.686 0.013625
101.913 0.012832
101.142 0.0123
100.373 0.012054
100.133 0.012039
99.6066 0.012114
98.8418 0.0125
98.0786 0.013225
97.317 0.014299
96.5567 0.015729
95.7977 0.017515
95.0398 0.019655
94.2829 0.022139
93.5268 0.024956
92.7714 0.028085
92.0165 0.031506
91.2621 0.035189
90.508 0.039104
89.7541 0.043212
89.0002 0.047473
88.2463 0.051843
87.4921 0.056274
86.7376 0.060715
85.9825 0.065113
85.2269 0.069414
84.4705 0.073562
83.7133 0.077502
82.955 0.081177
82.1955 0.084535
81.4348 0.087522
80.6726 0.090091
79.9089 0.092196
79.1434 0.093797
78.3761 0.09486
77.6067 0.095356
76.8351 0.095266
76.0611 0.094577
75.2847 0.093287
74.5055 0.0914
73.7235 0.088934
72.9385 0.085916
72.1502 0.082383
71.3585 0.078384
70.5632 0.073978
69.7641 0.069234
68.9609 0.064233
68.1535 0.059061
67.3416 0.053816
66.5249 0.0486
65.7032 0.043521
64.8763 0.038689
64.0439 0.034215
63.2056 0.030207
62.3611 0.02677
61.5102 0.024
60.6524 0.02198
59.7875 0.020782
58.915 0.020457
58.0345 0.021037
57.1456 0.022529
56.2478 0.024912
55.3406 0.028139
54.4235 0.032132
53.4958 0.036784
52.557 0.041962
51.6064 0.047509
50.6432 0.053254
49.6666 0.05902
48.6758 0.064639
47.6699 0.069973
46.6477 0.07494
45.608 0.079543
44.5498 0.083918
43.4713 0.088382
42.3712 0.093497
41.2475 0.10015
40.0982 0.10965
38.921 0.12384
37.7132 0.14523
36.4717 0.17717
35.8372 0.19842
35.1928 0.22403
34.538 0.25476
33.8722 0.29144
33.1947 0.33502
32.5048 0.38654
31.8016 0.4472
31.0842 0.51832
30.3517 0.60135
29.6029 0.69793
28.8364 0.80988
28.051 0.93918
27.2448 1.0881
26.416 1.259
24.6813 1.6778
22.8242 2.2206
20.8117 2.9174
18.5933 3.8039
16.084 4.923
13.1178 6.3256
9.26523 8.0717
0 10.232
# Ei9.00E+6
180 0.005099
171.508 0.0071987
167.98 0.0091063
165.265 0.010772
162.971 0.012169
160.943 0.013286
159.105 0.014128
157.411 0.014706
155.829 0.015041
154.339 0.015156
152.926 0.015078
151.578 0.014835
150.286 0.014457
149.044 0.013969
147.845 0.013399
146.685 0.012772
145.56 0.01211
144.466 0.011435
143.401 0.010765
142.362 0.010117
141.346 0.0095054
140.353 0.0089431
139.381 0.008441
138.427 0.008008
137.491 0.0076516
136.572 0.0073778
135.668 0.0071912
134.778 0.0070951
134.338 0.0070817
133.902 0.0070916
133.039 0.0071819
132.188 0.0073661
131.348 0.0076433
130.519 0.0080119
129.7 0.0084694
128.891 0.0090126
128.091 0.0096375
127.3 0.01034
126.517 0.011114
125.742 0.011954
124.974 0.012853
124.214 0.013806
123.461 0.014803
122.714 0.015838
121.973 0.016901
121.239 0.017985
120.51 0.01908
119.787 0.020177
119.069 0.021266
118.355 0.022339
117.647 0.023384
116.944 0.024393
116.245 0.025357
115.55 0.026265
114.859 0.02711
114.172 0.027883
113.489 0.028575
112.809 0.02918
112.133 0.029691
111.46 0.030102
110.79 0.030408
110.124 0.030606
109.46 0.030692
108.799 0.030665
108.14 0.030525
107.484 0.030272
106.831 0.029908
106.18 0.029438
105.531 0.028866
104.884 0.028198
104.239 0.027443
103.596 0.026609
102.955 0.025708
102.316 0.024751
101.678 0.023752
101.041 0.022726
100.407 0.021687
99.7731 0.020654
99.1408 0.019642
98.5098 0.018672
97.8798 0.017761
97.2508 0.01693
96.6228 0.016198
95.9956 0.015584
95.3692 0.015109
94.7435 0.014792
94.1184 0.01465
93.4939 0.014703
92.8699 0.014967
92.2462 0.015457
91.6229 0.016187
90.9998 0.017169
90.3769 0.018413
89.7541 0.019925
89.1314 0.021712
88.5085 0.023776
87.8856 0.026115
87.2625 0.028726
86.6391 0.031601
86.0154 0.034729
85.3912 0.038097
84.7666 0.041686
84.1414 0.045474
83.5156 0.049436
82.889 0.053544
82.2616 0.057763
81.6334 0.06206
81.0042 0.066394
80.374 0.070723
79.7426 0.075003
79.1101 0.079187
78.4762 0.083226
77.841 0.087071
77.2044 0.09067
76.5661 0.093973
75.9263 0.096931
75.2847 0.099493
74.6412 0.10161
73.9959 0.10325
73.3485 0.10437
72.6989 0.10492
72.0472 0.10489
71.393 0.10425
70.7364 0.10298
70.0773 0.10109
69.4154 0.098569
68.7507 0.09544
68.0831 0.091728
67.4124 0.08747
66.7384 0.082717
66.0611 0.077532
65.3803 0.071992
64.6958 0.066186
64.0075 0.060219
63.3152 0.054204
62.6188 0.04827
61.918 0.042555
61.2126 0.037204
60.5025 0.032372
59.7875 0.028218
59.0673 0.024901
58.3417 0.022583
57.6105 0.021415
57.2427 0.021309
56.8734 0.021544
56.13 0.0231
55.3803 0.026195
54.6237 0.030915
53.8601 0.037318
53.089 0.045422
52.3102 0.055207
51.5231 0.066602
50.7274 0.079482
49.9227 0.093665
49.1084 0.10891
48.2841 0.12489
47.4491 0.14125
46.6028 0.15755
45.7447 0.17328
44.8739 0.18791
43.9897 0.20086
43.0912 0.21155
42.1775 0.2194
41.2475 0.22391
40.3001 0.22469
39.3338 0.22149
38.3474 0.21436
37.3391 0.20368
36.3071 0.1903
35.2492 0.17572
34.1631 0.16222
33.0458 0.15315
32.4745 0.15165
31.8941 0.1531
31.3041 0.15832
30.704 0.16827
30.0932 0.18403
29.4709 0.20682
28.8364 0.23806
28.189 0.2793
27.5276 0.33232
26.8513 0.39912
26.1589 0.48191
25.449 0.58318
24.7202 0.70571
23.9707 0.85256
23.1985 1.0271
22.4013 1.2332
21.5762 1.475
20.72 1.7571
19.8285 2.0846
18.8968 2.4631
17.9187 2.8986
16.886 3.398
14.6101 4.6185
11.9179 6.1924
8.41949 8.2005
0 10.739
# Ei1.00E+7
180 0.0059644
171.508 0.0074808
167.98 0.0087186
165.265 0.0097023
162.971 0.01046
160.943 0.01102
159.105 0.011411
157.411 0.01166
155.829 0.011791
154.339 0.011827
152.926 0.011787
151.578 0.011686
150.286 0.011538
149.044 0.011355
147.845 0.011144
146.685 0.010912
145.56 0.010665
144.466 0.010406
143.401 0.010138
142.362 0.0098633
141.346 0.0095839
140.353 0.0093014
139.381 0.0090175
138.427 0.0087341
137.491 0.0084536
136.572 0.0081786
135.668 0.0079122
134.778 0.007658
133.902 0.00742
133.039 0.0072026
132.188 0.0070106
131.348 0.0068489
130.519 0.0067226
129.7 0.0066369
128.891 0.0065969
128.64 0.0065946
128.091 0.0066074
127.3 0.006673
126.517 0.0067978
125.742 0.0069854
124.974 0.0072387
124.214 0.0075599
123.461 0.0079504
122.714 0.0084106
121.973 0.0089401
121.239 0.0095374
120.51 0.0102
119.787 0.010925
119.069 0.011707
118.355 0.012542
117.647 0.013422
116.944 0.014341
116.245 0.015291
115.55 0.016263
114.859 0.017248
114.172 0.018235
113.489 0.019216
112.809 0.020178
112.133 0.021113
111.46 0.022009
110.79 0.022855
110.124 0.023643
109.46 0.024361
108.799 0.025001
108.14 0.025555
107.484 0.026015
106.831 0.026374
106.18 0.026628
105.531 0.026772
104.884 0.026803
104.239 0.02672
103.596 0.026523
102.955 0.026214
102.316 0.025797
101.678 0.025276
101.041 0.024658
100.407 0.023951
99.7731 0.023167
99.1408 0.022317
98.5098 0.021414
97.8798 0.020473
97.2508 0.019512
96.6228 0.018547
95.9956 0.017597
95.3692 0.016683
94.7435 0.015825
94.1184 0.015046
93.4939 0.014366
92.8699 0.013807
92.2462 0.013393
91.6229 0.013144
90.9998 0.013082
90.3769 0.013227
89.7541 0.013598
89.1314 0.014213
88.5085 0.015086
87.8856 0.016233
87.2625 0.017663
86.6391 0.019385
86.0154 0.021405
85.3912 0.023724
84.7666 0.026341
84.1414 0.02925
83.5156 0.032441
82.889 0.035902
82.2616 0.039613
81.6334 0.043552
81.0042 0.047692
80.374 0.052001
79.7426 0.056443
79.1101 0.060978
78.4762 0.065561
77.841 0.070144
77.2044 0.074675
76.5661 0.0791
75.9263 0.083363
75.2847 0.087403
74.6412 0.091162
73.9959 0.09458
73.3485 0.097598
72.6989 0.10016
72.0472 0.10221
71.393 0.1037
70.7364 0.10458
70.0773 0.10482
69.4154 0.10438
68.7507 0.10325
68.0831 0.10142
67.4124 0.098884
66.7384 0.095666
66.0611 0.091793
65.3803 0.087315
64.6958 0.082295
64.0075 0.076815
63.3152 0.070974
62.6188 0.064892
61.918 0.058705
61.2126 0.052569
60.5025 0.046653
59.7875 0.041145
59.0673 0.036244
58.3417 0.032159
57.6105 0.029105
56.8734 0.0273
56.3165 0.026896
56.13 0.02696
55.3803 0.028288
54.6237 0.031473
53.8601 0.036682
53.089 0.044048
52.3102 0.053661
51.5231 0.065561
50.7274 0.079729
49.9227 0.096071
49.1084 0.11441
48.2841 0.13449
47.4491 0.15593
46.6028 0.17828
45.7447 0.20096
44.8739 0.22327
43.9897 0.24444
43.0912 0.26359
42.1775 0.27979
41.2475 0.29205
40.3001 0.29944
39.3338 0.30105
38.3474 0.29619
37.3391 0.28441
36.3071 0.26567
35.2492 0.24055
34.1631 0.21043
33.0458 0.17776
31.8941 0.14643
30.704 0.12216
30.0932 0.11508
29.4709 0.11298
28.8364 0.11734
28.189 0.12985
27.5276 0.15243
27.1914 0.16818
26.8513 0.18731
26.1589 0.23702
25.449 0.30441
24.7202 0.39273
23.9707 0.50562
23.1985 0.64721
22.4013 0.82208
21.5762 1.0354
20.72 1.293
19.8285 1.6011
18.8968 1.9671
17.9187 2.3987
16.886 2.9048
15.788 3.4952
14.6101 4.1805
13.3309 4.9726
11.9179 5.8846
10.3165 6.9309
8.41949 8.1274
0 11.042